0000000  0000000  0000000 
0000000  0000000  0000000
0000000  0000000  0000000
0001111  1111111  1111000
0001000  0000000  0000000
0001000  0000000  0000000
0001000  0000000  0000000

0001000  0000000  0000000
0001000  0000000  0000000
0001000  0000000  0000000
0001111  1111111  1111000
0001000  0000000  0000000
0001000  0000000  0000000
0001000  0000000  0000000

0001000  0000000  0000000
0001000  0000000  0000000
0001000  0000000  0000000
0001111  1111111  1111000
0000000  0000000  0000000
0000000  0000000  0000000
0000000  0000000  0000000
